1111111111111111111111111111111111111111111111111111111111111111111111111111111111111111
1111111111111111111111111111111111111111111111111111111111111111111111111111111111111111
1111111111111111111111111111111111111111111111111111111111111111111111111111111111111111
1110000000000000000000000000000000000000000000000000000000000000000000000000000000000111
1110000000000000000000000000000000000000000000000000000000000000000000000000000000000111
1110000000000000000000000000000000000000000000000000000000000000000000000000000000000111
1110000000000000000000000000000000000000000000000000000000000000000000000000000000000111
1110000111111111111111111111111111111111111111111111111111111111111111111111111110000111
1110000111111111111111111111111111111111111111111111111111111111111111111111111110000111
1110000111111111111111111111111111111111111111111111111111111111111111111111111110000111
1110000111111111111111111111111111111111111111111111111111111111111111111111111110000111
1110000111111111111111111111111111111111111111111111111111111111111111111111111110000111
1110000111111111111111111111111111111111111111111111111111111111111111111111111110000111
1110000111111111111111111111111111111111111111111111111111111111111111111111111110000111
1110000111111111111111111111110000001111111111111111110000001111111111111111111110000111
1110000111111111111111111110000000000001111111111110000000000011111111111111111110000111
1110000111111111111111111100000000000000111111111100000000000000111111111111111110000111
1110000111111111111111111000000000000000011111111000000000000000011111111111111110000111
1110000111111111111111110000001111110000001111110000001111110000111111111111111110000111
1110000111111111111111100000011111111000000111100000011111111101111111111111111110000111
1110000111111111111111100000111111111100000111100000111111111111111111111111111110000111
1110000111111111111111100001111111111110000111100001111111111111111111111111111110000111
1110000111111111111111000001111111111110000011000001111111111111111111111111111110000111
1110000111111111111111000001111111111110000011000001111111111111111111111111111110000111
1110000111111111111111000001111111111110000011000001111111111111111111111111111110000111
1110000111111111111111000001111111111110000011000001111111111111111111111111111110000111
1110000111111111111111000001111111111110000011000001111111111111111111111111111110000111
1110000111111111111111100001111111111110000111100001111111111111111111111111111110000111
1110000111111111111111100000111111111100000111100000111111111111111111111111111110000111
1110000111111111111111110000011111111000001111100000011111111101111111111111111110000111
1110000111111111111111110000000111100000001111110000001111110000111111111111111110000111
1110000111111111111111111000000000000000011111111000000000000000011111111111111110000111
1110000111111111111111111100000000000000111111111100000000000000111111111111111110000111
1110000111111111111111111111000000000011111111111110000000000001111111111111111110000111
1110000111111111111111111111111100000111111111111111110000001111111111111111111110000111
1110000111111111111111111111111110000011100011111111111111111111111111111111111110000111
1111111111111111111111111111111111000000000001111111111111111111111111111111111110000111
1111111111111111111111111111111111100000000011111111111111111111111111111111111111111111
1111111111111111111111111111111111111000001111111111111111111111111111111111111111111111
1111111111111111111111111111111111111111111111111111111111111111111111111111111111111111
1111111111111111111111111111111111111111111111111111111111111111111111111111111111111111
1111111111111111111111111111111111111111111111111111111111111111111111111111111111111111
1111111111111111111111111111111111111111111111111111111111111111111111111111111111111111
1111110000000000001111111111111111000001111111111111110000001111111111111000000111111111
1111110000000000000001111111111111000001111111111110000000000001111111000000000000111111
1111110000000000000000111111111110000000111111111100000000000000111110000000000000011111
1111110000000000000000011111111110000000111111111000000000000001111100000000000000111111
1111110000011111110000011111111100000000111111111000011111111001111100001111111100111111
1111110000011111111000001111111100001000011111110000011111111111111000001111111111111111
1111110000011111111000001111111000001000011111110000011111111111111000001111111111111111
1111110000011111111000001111111000011100001111110000011111111111111000001111111111111111
1111110000011111111000001111111000011100001111111000000111111111111100000011111111111111
1111110000011111111000001111110000111100000111111000000000011111111100000000001111111111
1111110000011111110000011111110000111110000111111100000000000011111110000000000001111111
1111110000000000000000011111100000111110000111111111000000000001111111100000000000111111
1111110000000000000000111111100001111110000011111111111100000000111111111110000000011111
1111110000000000000001111111000001111110000011111111111111100000011111111111110000001111
1111110000000000001111111111000000000000000001111111111111110000011111111111111000001111
1111110000011111111111111111000000000000000001111111111111110000011111111111111000001111
1111110000011111111111111110000000000000000000111001111111110000111100111111111000011111
1111110000011111111111111110000111111111100000110000000000000000111000000000000000011111
1111110000011111111111111100000111111111110000110000000000000001111000000000000000111111
1111110000011111111111111100001111111111110000011000000000000011111100000000000001111111
1111110000011111111111111000001111111111111000011111100000011111111111110000001111111111
1111111111111111111111111111111111111111111111111111111111111111111111111111111111111111
1111111111111111111111111111111111111111111111111111111111111111111111111111111111111111
1111111111111111111111111111111111111111111111111111111111111111111111111111111111111111
1111111111111111111111111111111111111111111111111111111111111111111111111111111111111111
1111111111111111111111111111111111111111111111111111111111111111111111111111111111111111
1110000111111111111111111111111111111111111111111111111111111111111111111111111110000111
1110000111111111111111111111111111111111100111001111111111111111111111111111111110000111
1110000111111111111111111111111111111111100111001111111111111111111111111111111110000111
1110000111111111111111111111111111111111111111111111111111111111111111111111111110000111
1110000111111111111111111111111111111111111111111111111111111111111111111111111110000111
1110000111111111111111111111111111111111111111111111111111111111111111111111111110000111
1110000111111111111111111111111111111111001111111011111111111111111111111111111110000111
1110000111111111111111111111111111111111100111100111111111111111111111111111111110000111
1110000111111111111111111111111111111111110000001111111111111111111111111111111110000111
1110000111111111111111111111111111111111111111111111111111111111111111111111111110000111
1110000111111111111111111111111111111111111111111111111111111111111111111111111110000111
1110000111111111111111111111111111111111111111111111111111111111111111111111111110000111
1110000000000000000000000000000000000000000000000000000000000000000000000000000000000111
1110000000000000000000000000000000000000000000000000000000000000000000000000000000000111
1110000000000000000000000000000000000000000000000000000000000000000000000000000000000111
1110000000000000000000000000000000000000000000000000000000000000000000000000000000000111
1111111111111111111111111111111111111111111111111111111111111111111111111111111111111111
1111111111111111111111111111111111111111111111111111111111111111111111111111111111111111
1111111111111111111111111111111111111111111111111111111111111111111111111111111111111111